
# kolory nominalne ------
kolory_nominalne_8 <- c(
  '#447ABC',  #1
  '#739DDA',  #2
  '#1F3D7F',  #3
  '#7188AA',  #4
  '#275393',  #5
  '#495F75',  #6
  '#A0B0C1',  #7
  '#042C69'   #8
)

kolory_nominalne_12 <- c(
  
  '#818EA5',  #1 
  '#447ABC',  #2 
  '#042C69',  #3 
  '#739DDA',  #4 
  '#7D8AA2',  #5 
  '#1F3D7F',  #6 
  '#7188AA',  #7 
  '#275393',  #8 
  '#758CAD',  #9 
  '#495F75',  #10
  '#A0B0C1',  #11
  '#0D2144'  #12
)

# kolory skale unipolarne -------

kolory_unipolar_4 <- c(
  '#E6EEF9',  #1
  '#9FB8DA',  #2
  '#2E5792',  #3
  '#042C69'  #4
)

kolory_unipolar_5 <- c(
  '#E6EEF9', #1
  '#9FB8DA', #2
  '#5881BB', #3
  '#2E5792', #4
  '#042C69'  #5
)

kolory_unipolar_7 <- c(
  '#E6EEF9', #1
  '#B7CAE4', #2
  '#87A5D0', #3
  '#5881BB', #4
  '#3C65A0', #5
  '#204884', #6
  '#042C69'  #7
)

kolory_unipolar_11 <- c(
  '#E6EEF9', #1 
  '#CAD8EC', #2 
  '#ADC2E0', #3 
  '#91ADD3', #4 
  '#7597C7', #5 
  '#5881BB', #6 
  '#3C6BAE', #7 
  '#2E5B9D', #8 
  '#204C8C', #9 
  '#123C7A', #10
  '#042C69'  #11
)

# kolory skale ciągłe -------

kolory_gradient <- c('low' = '#E6EEF9',
                     'high' = '#042C69')

# kolory skale bipolarne -----

kolory_bipolar_4 <- c(
  '#73400A', #1
  '#C29867', #2
  '#91ADD3', #3
  '#234E82'  #4
)

kolory_bipolar_5 <- c(
  '#73400A', #1
  '#C29867', #2
  '#E6EEF9', #3
  '#91ADD3', #4
  '#234E82'  #5
)

kolory_bipolar_7 <- c(
  '#73400A', #1
  '#A87136', #2 
  '#C29867', #3 
  '#E6EEF9', #4 
  '#91ADD3', #5 
  '#5881BB', #6 
  '#234E82' #7 
)

kolory_bipolar_11 <- c(
  '#73400A', #1
  '#7F4C19', #2
  '#A87136', #3
  '#C29867', #4
  '#DAB17B', #5
  '#E6EEF9', #6
  '#ADC2E0', #7
  '#91ADD3', #8
  '#5881BB', #9
  '#2E5B9D', #10
  '#123C7A'  #11
)

#kolory skala rozbieżna (diverging) -------

kolory_diverging_4 <- c(
  '#353F47', #1
  '#7B8794', #2
  '#91ADD3', #3
  '#123C7A'  #4
)

kolory_diverging_5 <- c(
  '#353F47', #1
  '#7B8794', #2
  '#E6EEF9', #3
  '#91ADD3', #4
  '#123C7A'  #5
)

kolory_diverging_7 <- c(
  '#353F47', #1
  '#5B6872', #2
  '#B1BAC5', #3
  '#E6EEF9', #4
  '#ADC2E0', #5
  '#5881BB', #6
  '#123C7A'  #7
)

kolory_diverging_11 <- c(
  '#353F47', #1
  '#434F59', #2
  '#5B6872', #3
  '#7B8794', #4
  '#B1BAC5', #5
  '#E6EEF9', #6
  '#ADC2E0', #7
  '#91ADD3', #8
  '#5881BB', #9
  '#2E5B9D', #10
  '#123C7A'  #11
)

# kolory NA -----

kolor_NA <- '#D9D9D9'

# kolory analityczne ------

kolory_highlight <- list(
  pomarancz = '#EE7D50',
  fiolet    = '#7359A1'
)

# kolory systemowe -----

kolory_techniczne <- c(
  czarny       = '#000000', # etykiety główne
  ciemno_szary = '#757576', # etykiety pomocnicze
  szary        = '#9D9D9D'  # siatka pomocnicza
)